41.55312 9.31134
41.55415 9.31288
41.63116 8.9589
41.64112 8.86671
41.655 9.37355
41.65652 9.3748
41.65652 9.3748
41.67133 8.91747
41.67466 8.90613
41.728333 8.963889
41.80977 8.76806
41.90992 8.6769
41.91015 8.6765
41.91026 8.68675
41.91246 8.64248
41.9132 8.72184
41.920472 8.646278
41.920528 8.646639
41.92505 8.83725
41.99066 8.75955
41.99111 8.75946
41.99381 8.85783
42.00496 8.89914
42.60244 8.91274
43.110628 5.881454
43.584023 7.097242
43.602615 7.114378
43.607095 7.118637
43.639876 7.109347
43.64035605 7.11012492
43.640539 7.110287
43.710576 7.197582
