15 7 8 24 11 5 9 14 22 7 7 8 4
15 7 8 24 11 9 9 15 22 7 7 8 4
15 7 8 24 11 7 9 14 22 7 7 8 4
15 7 8 24 11 8 9 14 20 7 7 8 4
11 10 12 29 8 7 15 20 7 10 3 10 9
11 10 13 29 8 7 17 21 6 10 1 10 8
15 7 8 24 11 7 9 16 21 7 7 8 4
15 7 9 24 11 7 9 15 23 7 7 10 4
16 7 8 24 8 4 9 13 23 7 7 8 5
15 7 8 24 11 7 9 14 22 7 6 8 4
15 7 8 24 11 7 9 16 29 7 7 8 4
11 12 13 29 9 9 17 15 7 11 3 10 8
11 12 13 29 9 9 17 22 7 11 3 10 8
11 12 13 29 9 10 17 28 7 11 3 10 8
11 12 13 29 9 10 17 22 7 11 3 10 8
11 12 13 29 9 9 17 22 7 11 3 10 8
11 12 13 29 9 11 17 22 7 11 3 10 8
11 12 14 27 9 10 17 12 7 11 3 10 8
11 12 13 29 9 9 17 22 7 11 3 10 8
13 12 13 29 9 9 17 24 7 11 3 10 8
11 12 13 29 9 9 17 21 7 11 3 10 8
10 12 13 29 9 9 17 22 7 12 3 10 8
11 12 13 29 9 9 17 20 8 11 3 10 8
16 7 8 24 8 7 9 14 22 7 7 7 4
12 8 8 24 11 6 9 13 22 7 7 9 4
9 12 13 29 8 8 17 25 7 13 3 10 8
10 16 13 29 7 8 17 19 7 11 3 7 8
12 7 8 24 12 8 9 14 23 7 7 9 4
12 7 8 24 12 8 9 17 24 7 7 11 4
16 7 8 24 11 7 9 15 22 8 7 8 4
13 6 8 24 13 7 9 16 25 7 7 11 4
11 11 12 29 8 8 17 17 7 13 3 9 8
