1257.00
1086.00
528.00
597.00
315.00
1182.00
438.00
270.00
1608.00
1161.00
570.00
966.00
2202.00
849.00
762.00
849.00
938.00
687.00
1632.00
342.00
1455.00
1311.00
837.00
1485.00
477.00
546.00
579.00
357.00
1005.00
387.00
375.00
1695.00
378.00
771.00
399.00
363.00
1047.00
216.00
1734.00
1290.00
795.00
474.00
537.00
657.00
306.00
681.00
638.00
135.00
1443.00
1169.00
960.00
387.00
438.00
1664.00
465.00
225.00
573.00
1212.00
1443.00
684.00
372.00
411.00
615.00
759.00
669.00
596.00
1058.00
966.00
510.00
723.00
1416.00
384.00
2172.00
1386.00
1128.00
492.00
1203.00
483.00
1398.00
189.00
639.00
810.00
1221.00
426.00
1005.00
1293.00
186.00
864.00
1002.00
359.00
197.00
444.00
1848.00
393.00
441.00
678.00
1338.00
624.00
864.00
990.00
416.00
990.00
873.00
2682.00
660.00
474.00
732.00
231.00
431.00
339.00
1400.00
801.00
740.00
1055.00
934.00
683.00
1265.00
345.00
879.00
801.00
657.00
1359.00
753.00
1479.00
696.00
792.00
2073.00
306.00
1007.00
369.00
518.00
1299.00
324.00
1215.00
531.00
870.00
351.00
1005.00
993.00
1467.00
1446.00
1083.00
510.00
657.00
2745.00
864.00
915.00
1236.00
3198.00
1272.00
1086.00
1841.00
264.00
969.00
447.00
663.00
827.00
201.00
1792.00
428.00
801.00
615.00
288.00
674.00
270.00
342.00
399.00
576.00
963.00
488.00
1020.00
356.00
300.00
612.00
684.00
486.00
570.00
1494.00
1263.00
705.00
372.00
1374.00
576.00
423.00
1401.00
864.00
1548.00
528.00
471.00
306.00
798.00
290.00
609.00
303.00
827.00
147.00
336.00
582.00
414.00
198.00
267.00
318.00
540.00
306.00
399.00
528.00
360.00
540.00
192.00
444.00
357.00
390.00
627.00
999.00
381.00
261.00
1377.00
1293.00
462.00
1296.00
627.00
1281.00
285.00
1026.00
2493.00
864.00
483.00
327.00
711.00
678.00
1341.00
697.00
603.00
1291.00
969.00
945.00
357.00
546.00
1042.00
465.00
483.00
620.00
237.00
378.00
684.00
897.00
732.00
1908.00
320.00
165.00
150.00
2036.00
723.00
615.00
231.00
309.00
794.00
954.00
1281.00
642.00
477.00
573.00
1513.00
486.00
264.00
1185.00
668.00
477.00
921.00
1829.00
1361.00
483.00
318.00
1053.00
723.00
531.00
570.00
548.00
1037.00
210.00
303.00
789.00
628.00
339.00
647.00
780.00
766.00
615.00
321.00
2277.00
942.00
219.00
369.00
843.00
558.00
2286.00
1908.00
627.00
1311.00
402.00
561.00
738.00
185.00
1041.00
855.00
1146.00
330.00
836.00
462.00
468.00
855.00
672.00
756.00
762.00
1854.00
615.00
480.00
417.00
777.00
447.00
1043.00
888.00
486.00
1202.00
504.00
1433.00
258.00
810.00
717.00
579.00
249.00
1092.00
681.00
519.00
600.00
960.00
813.00
1857.00
438.00
1205.00
1250.00
882.00
615.00
276.00
927.00
1118.00
771.00
663.00
701.00
903.00
965.00
954.00
543.00
726.00
342.00
515.00
929.00
495.00
648.00
600.00
273.00
270.00
393.00
872.00
951.00
285.00
519.00
1041.00
573.00
189.00
1629.00
321.00
597.00
345.00
324.00
960.00
930.00
195.00
600.00
2184.00
999.00
432.00
507.00
1329.00
648.00
465.00
858.00
552.00
1410.00
339.00
1427.00
345.00
870.00
584.00
786.00
1458.00
1200.00
2042.00
417.00
924.00
237.00
462.00
1530.00
162.00
750.00
117.00
1197.00
1034.00
870.00
642.00
375.00
543.00
273.00
552.00
423.00
576.00
497.00
546.00
300.00
591.00
468.00
738.00
504.00
974.00
444.00
636.00
1809.00
464.00
774.00
399.00
1136.00
767.00
148.00
435.00
507.00
3821.00
482.00
390.00
528.00
366.00
4155.00
4224.00
468.00
2117.00
408.00
456.00
429.00
699.00
603.00
761.00
1193.00
764.00
420.00
411.00
276.00
141.00
1319.00
1101.00
1095.00
2445.00
671.00
1290.00
243.00
690.00
936.00
1596.00
1176.00
429.00
561.00
462.00
789.00
795.00
654.00
429.00
880.00
1116.00
405.00
900.00
1041.00
1026.00
726.00
783.00
276.00
1194.00
1368.00
486.00
447.00
864.00
975.00
945.00
1719.00
2136.00
431.00
414.00
498.00
1032.00
2217.00
605.00
537.00
2317.00
777.00
453.00
720.00
689.00
905.00
384.00
797.00
597.00
711.00
831.00
1902.00
507.00
957.00
576.00
225.00
474.00
603.00
1061.00
1537.00
782.00
984.00
726.00
252.00
237.00
1289.00
512.00
831.00
473.00
2448.00
564.00
312.00
195.00
381.00
777.00
417.00
450.00
714.00
1262.00
414.00
525.00
498.00
279.00
689.00
780.00
642.00
1647.00
1017.00
540.00
504.00
696.00
258.00
1293.00
831.00
282.00
1314.00
303.00
1197.00
663.00
959.00
984.00
1014.00
1395.00
1308.00
996.00
279.00
615.00
789.00
983.00
1201.00
903.00
231.00
896.00
584.00
825.00
648.00
1074.00
699.00
807.00
1532.00
774.00
915.00
273.00
555.00
504.00
393.00
255.00
441.00
1647.00
690.00
519.00
1917.00
381.00
795.00
501.00
747.00
1185.00
1116.00
2046.00
438.00
663.00
722.00
1241.00
452.00
249.00
786.00
384.00
336.00
165.00
1014.00
588.00
678.00
321.00
626.00
736.00
558.00
768.00
855.00
1184.00
1305.00
483.00
489.00
1308.00
1206.00
1011.00
477.00
1404.00
441.00
396.00
939.00
856.00
481.00
489.00
471.00
1910.00
624.00
1332.00
1458.00
305.00
666.00
1091.00
528.00
555.00
357.00
749.00
206.00
300.00
285.00
294.00
897.00
1245.00
435.00
1367.00
319.00
489.00
279.00
954.00
306.00
381.00
198.00
1129.00
840.00
1383.00
260.00
513.00
411.00
780.00
356.00
1029.00
978.00
636.00
1043.00
941.00
1086.00
1107.00
159.00
675.00
1122.00
1230.00
468.00
573.00
372.00
1257.00
1767.00
609.00
1605.00
645.00
1014.00
774.00
396.00
1107.00
432.00
801.00
549.00
735.00
1341.00
357.00
518.00
630.00
927.00
330.00
720.00
585.00
1034.00
795.00
722.00
507.00
1827.00
528.00
351.00
1844.00
693.00
1266.00
498.00
819.00
846.00
381.00
1509.00
600.00
1512.00
2292.00
378.00
770.00
261.00
2103.00
354.00
881.00
1017.00
915.00
1826.00
950.00
687.00
378.00
207.00
849.00
810.00
339.00
287.00
549.00
1040.00
221.00
390.00
2280.00
519.00
330.00
840.00
723.00
701.00
669.00
857.00
682.00
626.00
519.00
900.00
531.00
693.00
963.00
215.00
740.00
723.00
261.00
1026.00
366.00
822.00
876.00
267.00
719.00
630.00
663.00
192.00
2689.00
1053.00
934.00
354.00
579.00
434.00
165.00
380.00
909.00
291.00
1494.00
836.00
888.00
811.00
329.00
1677.00
315.00
1179.00
2148.00
978.00
876.00
819.00
321.00
258.00
1275.00
1197.00
645.00
951.00
879.00
