321
1974
513
809
819
876
891
1907
978
2148
1179
315
1677
672
329
812
888
1214
1202
1420
836
882
1248
1494
291
909
708
898
554
632
380
639
165
429
1187
594
435
645
1113
1092
580
690
741
1344
564
1026
759
828
768
173
354
934
1053
1357
1218
240
744
950
2689
201
663
1260
630
774
1313
819
821
267
876
1612
822
1730
366
1026
261
723
769
740
215
904
963
693
531
900
519
256
1812
626
682
857
669
1107
1106
1156
701
723
924
330
739
803
519
561
2280
390
708
221
1371
1367
1659
1040
915
456
954
549
1084
1642
287
339
1890
810
849
207
993
246
736
414
708
378
213
180
1143
479
366
687
838
773
690
951
1826
915
1017
881
354
2103
261
770
378
2292
1512
600
1509
381
846
819
498
1266
693
1845
351
1154
528
1827
1203
507
723
795
1034
585
1350
1475
720
330
927
3142
960
453
600
492
630
1401
525
120
357
1341
735
1317
549
801
652
783
957
435
1107
396
774
335
557
1014
645
1605
609
1767
1257
585
660
573
2328
468
1230
1122
675
1542
159
756
1887
849
1143
1830
554
1107
738
1086
1473
397
425
2799
866
1092
1353
942
1383
2567
1043
636
978
1029
714
1692
1134
357
900
780
411
780
513
260
1383
1347
861
1332
1130
198
1791
381
306
411
1931
897
954
279
1233
1300
489
602
2705
321
1367
477
1245
897
2727
294
2604
1138
642
1031
300
353
207
750
357
555
462
1308
528
738
1719
1091
492
666
305
2141
768
1458
683
1332
993
696
843
1040
624
1636
1170
1350
2293
1910
471
489
481
945
1665
857
1350
939
396
1245
441
1404
477
1011
1206
957
1317
848
1241
1130
1246
1308
489
1158
792
483
1017
1292
1305
1184
855
768
558
736
626
321
678
1664
588
1891
720
1014
915
1093
803
2447
165
396
384
1789
786
249
453
1241
722
1501
663
438
1223
2046
1341
887
1116
1185
747
1509
501
795
906
381
451
345
1065
620
1917
519
690
1647
441
255
393
252
504
705
555
654
273
915
774
1151
1532
807
713
844
1221
1401
699
1074
648
759
825
1236
3216
3088
584
840
650
1227
912
2573
765
896
633
786
546
1316
231
594
903
1201
983
744
635
789
677
615
279
1499
996
1308
2311
384
1962
2368
1635
992
1395
2241
2019
1209
977
1032
1367
960
563
663
1112
1197
746
855
102
581
811
2375
822
438
489
558
303
1710
1320
1314
917
1890
282
1664
831
1293
258
696
504
540
1017
1647
584
642
924
1121
780
1119
972
690
279
801
498
972
525
486
984
910
414
632
1262
714
450
417
777
381
195
312
564
2448
474
831
513
921
1289
1207
237
1854
252
726
984
783
414
1537
1665
1254
534
1061
603
1134
441
474
748
225
357
576
957
507
513
1902
353
831
711
597
797
384
877
1153
905
1934
689
720
453
777
2279
2318
2073
537
524
861
605
2217
1032
498
414
986
1248
608
2136
1719
945
975
864
447
486
1368
2184
1194
276
783
351
861
726
1026
1041
900
732
807
405
1116
880
382
2699
1780
429
654
795
789
630
462
561
834
429
1176
1410
1596
936
690
243
1290
393
774
671
2445
1095
1101
1319
141
276
1110
1245
323
1356
2372
411
420
764
1194
816
762
1841
837
851
753
604
699
510
456
408
2117
468
375
4224
4155
366
528
390
1884
549
738
468
591
300
546
1329
357
497
576
1338
423
552
1029
273
543
375
642
870
1034
1197
687
303
1037
2416
750
564
1436
612
893
1530
1250
1579
462
237
987
1002
423
945
924
1275
945
417
2042
1200
1458
1685
786
2622
732
543
870
345
840
1427
1383
339
1410
552
714
959
611
267
858
465
1659
648
564
1329
669
1173
432
999
2184
600
1749
1007
1473
639
195
510
1848
930
960
1080
324
345
597
321
1629
324
573
1041
519
285
990
951
872
393
270
1236
482
1758
3821
621
507
435
1217
1689
149
2328
767
633
1136
816
627
399
1335
912
774
465
339
261
1866
636
444
974
375
660
1764
1593
585
951
477
504
1095
273
600
1044
648
495
929
958
1364
608
342
726
2318
4397
543
954
965
930
903
806
1341
663
771
1801
1035
1118
927
276
615
882
1944
1250
906
652
1205
768
438
2250
1857
813
810
960
860
1019
1983
626
1527
600
519
1104
1065
3522
491
840
567
570
681
1188
249
579
717
810
258
1434
504
1191
1202
1044
1122
1173
486
888
1044
1706
714
1654
447
777
417
480
615
1854
762
756
1347
552
672
855
2151
468
462
276
1458
836
573
1250
330
1146
855
1343
519
1156
1041
1069
769
185
1005
417
1185
738
561
844
827
402
1311
627
1908
2355
558
1136
369
219
942
2277
321
387
759
615
766
780
647
339
612
1365
628
867
975
789
2430
303
773
210
1037
549
570
531
723
1053
318
483
1406
1361
2517
871
1601
1154
894
1017
1829
1809
921
477
1863
1124
668
2772
441
1185
264
486
1513
573
477
987
642
1281
954
795
697
786
722
309
1644
231
615
1522
723
1412
827
1523
1065
1962
2040
150
549
1030
165
320
1722
1908
732
897
684
378
794
1689
237
1441
725
620
2207
2353
483
465
2263
1042
546
468
945
1731
969
1292
1401
897
915
1293
1096
806
603
776
774
620
699
566
1001
1341
1242
1053
486
678
450
711
327
483
864
2493
1026
1934
606
285
1281
627
1296
462
1293
1467
1377
261
381
999
627
390
357
444
192
540
360
528
399
306
540
318
267
198
414
582
336
147
827
303
609
290
563
798
306
471
528
1548
864
1401
423
576
1374
372
1050
176
566
786
999
1263
1245
1494
570
486
720
684
612
300
356
829
1020
1839
867
912
1465
488
1293
1858
963
576
300
399
342
732
270
675
288
669
615
2366
801
429
1793
201
828
735
1200
663
447
969
264
1841
1474
1407
1086
1272
1100
1170
3198
957
1236
1236
915
864
2745
1260
657
1066
1482
510
1083
1446
1467
993
1005
351
870
600
1215
324
1299
518
369
1007
306
2073
1697
696
968
1500
1479
753
1359
657
222
1759
801
879
345
1215
1265
683
1578
935
1055
942
156
740
801
1400
339
431
231
3503
732
2496
474
670
660
1065
2682
1872
1746
873
1164
990
1413
1733
416
443
990
864
624
1338
678
441
393
1848
444
198
360
1002
2376
864
186
1293
1005
426
1221
810
610
639
189
1236
1398
504
1314
1254
511
483
1203
492
3781
1128
452
1386
2172
384
2157
1416
726
510
966
2276
1058
596
669
315
759
1397
1038
615
1481
411
1302
777
372
684
1443
1212
573
225
465
1664
734
438
387
960
1169
1443
135
1754
1302
638
681
306
657
537
474
750
795
1970
3684
1175
1290
1577
1734
810
216
1047
363
1296
2094
399
771
378
1695
375
351
387
1005
1047
1203
357
579
546
1393
705
794
602
1573
3018
274
405
2885
917
389
1110
795
1485
837
1390
235
1311
1455
2231
342
1632
687
939
1940
849
762
867
2202
966
570
1362
1901
1608
1977
1355
903
270
438
1182
315
597
561
700
528
2244
1086
1299
1680
651
879
573
685
951
297
1584
645
1197
1074
1275
258
